
Entanglement measure Mean: (0.7827493317670701+0j)
Entanglement measure Standard Deviation: 1.1102230246251565e-16

Entanglement measure Mean: (0.7827493317670701+0j)
Entanglement measure Standard Deviation: 1.1102230246251565e-16

Entanglement measure Mean: (0.7827493317670701+0j)
Entanglement measure Standard Deviation: 1.1102230246251565e-16

Entanglement measure Mean: (0.7827493317670701+0j)
Entanglement measure Standard Deviation: 1.1102230246251565e-16

Entanglement measure Mean: (0.7827493317670701+0j)
Entanglement measure Standard Deviation: 1.1102230246251565e-16

Entanglement measure Mean: (0.7827493317670701+0j)
Entanglement measure Standard Deviation: 1.1102230246251565e-16

Entanglement measure Mean: (0.7827493317670701+0j)
Entanglement measure Standard Deviation: 1.1102230246251565e-16

Entanglement measure Mean: (0.7827493317670701+0j)
Entanglement measure Standard Deviation: 1.1102230246251565e-16

Entanglement measure Mean: (0.7827493317670701+0j)
Entanglement measure Standard Deviation: 1.1102230246251565e-16

Entanglement measure Mean: (0.7827493317670701+0j)
Entanglement measure Standard Deviation: 1.1102230246251565e-16
Trained Parameters: 
[ 1.01464412  0.27838219 -0.82370562 -0.45502639 -0.16119324  0.09753253
  0.3290271  -1.14759991  0.44162217  1.30827423  0.91637724  0.43856679
 -1.69342682  0.20174463 -2.5757546  -0.05601767  0.74410466  0.14042952
  2.66163998  0.55827508 -0.24191873  0.32453267 -0.14176352  0.31555861
 -0.04618172 -0.35836799  1.65289426  0.50792292  0.22361618 -0.85023198
 -1.16009131  0.1108732  -1.06124032 -0.1099029  -0.32049736 -0.84399992
 -0.69242468 -0.61771817  1.14250884 -0.71896764  0.85121428 -0.01142111
 -2.29919757 -1.56494267  0.0448362   0.89443374 -0.0640791   0.86157048
  0.22684741  1.22028326  1.35233284]
Accuracy: 
0.6923076923076923
Trained Parameters: 
[-0.05774324 -0.53394017 -2.08151347 -0.6764202  -0.24695835 -0.96619509
 -0.64769807 -0.88042574  0.55653341  0.29577965 -2.20958032 -1.23337395
 -0.06017973  0.58556391  1.1527452   0.07197068  0.44646654  0.59153311
  0.25663435  1.53601917 -0.75215006  1.22921432  2.51491324 -0.14573312
  0.69487216  0.30754535  1.91578026 -0.11815176  0.48651309 -0.80340682
 -0.77314258 -0.71233722 -0.9803652   0.66908491 -0.14110629 -0.85327063
 -1.25472749 -1.47343772  0.86678813  0.33987355 -2.19298889 -0.49326247
  0.83272522 -0.86259335  0.6485305   0.31966935  0.77007511 -1.16957854
 -0.7008128  -0.23139711  0.37404764]
Accuracy: 
0.8461538461538461
Trained Parameters: 
[-1.86355117  1.59401051 -0.72667095 -0.22128092 -0.0308007  -0.22743875
  0.41450952  0.80842132 -0.16471905 -0.91703097  0.9103512  -0.18920085
  1.12561448  0.28839216  0.80914019  0.83946385  0.39409053  2.42948186
 -1.16947892 -0.0994772   1.13831275 -0.04798945 -0.24811972 -1.17927977
  0.56252914 -0.94574181 -2.03103867  0.05918769 -0.82773195 -0.39249855
 -0.85550771  0.33130381 -0.47488021  0.99499817  0.77799939 -2.27195752
 -2.59223916  0.34966158 -0.90391275  0.49890216 -0.00439714  1.13778675
 -1.27411702  0.30385678  0.5372309   2.1186991   0.87129747 -1.07891988
 -0.42489754 -2.09643058  0.58553563]
Accuracy: 
0.6923076923076923
Trained Parameters: 
[ 0.68139874 -1.39244387  1.30003699 -1.61570172  0.61134784  2.11309624
  0.82467245  1.68989023  0.14201965  0.72884227  0.41721272 -0.50229042
  0.51726731 -1.28758512 -0.81362799  1.20767456  0.05953909  0.41728774
  1.6031199   0.12874286  0.06705843  0.28025472 -0.93111726 -1.73256028
  0.72428288  1.89430898 -0.69566412 -0.83155138  2.23097017 -0.13235574
  0.03005437  0.25628324 -0.45661134  3.4653016  -0.96328471 -0.03776232
  0.01398787 -0.259214    0.19291129 -1.74507461  1.67935102  0.87858
  0.11076671 -0.87183033 -0.84615048 -0.89067118 -0.62218389  1.4706114
 -0.08288328 -0.78820324  0.36388679]
Accuracy: 
0.07692307692307693
Trained Parameters: 
[-1.37441185 -0.65333431 -0.65247416 -0.77559857  1.50727963  1.1225817
  1.66287234 -0.76935667  0.48997044  0.10160072 -0.81798622 -0.37741514
  0.80217922 -0.33853519  0.29018888  1.28565122  1.13990527 -0.55917391
  0.05127745  0.63148641  1.28371082  0.79559699  0.4900935   0.26973937
  0.52690639  0.74112511 -0.94110755 -0.98397724 -0.5108097   1.5465566
 -0.29587514 -0.03889426  0.90706703 -0.45460758  0.35768692  0.67539958
  1.64333444 -1.41112585 -1.06025566 -0.92513646 -0.09956595 -0.11734371
  0.59346412  0.5441208  -0.41789601 -0.87814798  0.62669483  0.16323567
 -0.46236922 -0.15484402 -2.78298632]
Accuracy: 
0.23076923076923078

Entanglement measure Mean: (0.7827493317670701+0j)
Entanglement measure Standard Deviation: 1.1102230246251565e-16
Trained Parameters: 
[-2.30363904 -0.27423918  0.5088458  -1.08035093 -1.69564665  0.48116821
  0.57447331  0.33873543  0.04066876 -1.15003504 -1.85755085  0.41723201
  0.24325708  2.22123126 -0.96003558 -0.0939157   0.86706028 -0.70932366
 -1.48513235 -0.61515469  0.33768467  0.4488974  -0.04430682 -0.38125176
 -0.95755802 -0.04186133 -0.03374721  0.36706504 -0.13437117  2.05776748
  0.69837283 -0.66135881 -2.53186528  0.09367544  1.09945932  1.47606272
  1.44216201 -1.80145175 -1.9959233  -0.38437948 -1.2747747   0.23543271
  0.77261641 -0.36097335 -0.11628803 -0.25263101  0.30368691 -1.30026176
  0.89724644  0.8097931   1.12543331]
Accuracy: 
0.6923076923076923
Trained Parameters: 
[ 1.31404205 -1.22643086 -0.09387343 -0.0434958   0.60632932 -1.77075339
  2.00864394  0.21257115  1.22520232  0.77862196 -0.64115451 -0.12771277
  0.10336887 -0.709268    0.61370675  2.49536428 -0.6100778   0.46127481
  0.61381832  0.1808124  -0.72958746 -1.18662057 -0.31185375  1.47369923
 -0.78868573  1.38306397 -1.24700159 -0.17981515 -2.07073992 -0.73850479
 -0.77937109 -0.93642349  1.21055148  0.83609402  0.36741028  0.0111464
 -0.94509445 -0.59914315  0.79688552  1.01687812 -0.21890881  2.63087001
  1.21264321 -0.30701807 -0.10174263  1.095969    0.06446226  0.38885771
  1.34615038  0.1584403  -0.50884946]
Accuracy: 
0.15384615384615385
Trained Parameters: 
[ 1.48968053 -0.29022682  2.50465026  1.32849304  0.15447587  0.27748656
  0.07201566  0.62588884 -1.4172391  -0.37754175  0.04573579 -0.81419058
 -0.56997814 -1.82683112 -0.12007698  0.77804373 -0.91358419  0.59059985
  0.86006576  2.38798591  0.08672397  1.63080545 -0.0583824   0.12816328
 -1.63217743 -1.19278624  0.56912197  0.54774222 -1.00739979  1.42340857
  0.5449178  -0.18161974  0.99458737  0.16340957  0.5104189  -0.1349193
  0.25085748  0.85459381 -0.58340721 -0.50874564  1.33703286  0.23205049
  1.0606251  -0.28795809  0.44641292  1.30412413  0.27374152  1.42418694
  1.81477479 -0.39969596  0.27344493]
Accuracy: 
0.0
Trained Parameters: 
[-0.8200366   1.19628972  0.42040488 -1.44190429 -0.42076108  0.60008784
  1.22371535 -0.1082805   0.04509952  0.02677975  0.14627457 -0.25204146
 -0.42757734  0.46922376 -0.66995999  2.40435715  1.27987745  0.03967401
 -0.69624013 -3.15033161  0.05297409  1.11342661  1.51771458 -0.87391568
 -0.85233881 -0.32599051  1.35166397  0.12063334  0.3054619   0.65027882
  1.55799857 -1.221716   -0.21200648 -0.63116707 -1.57559929 -0.28239478
 -2.87702435 -1.57540483  0.1268484   1.03848624  0.88186619  0.98564734
  0.41334136  0.60338258  1.52859013 -2.29020296  0.16360851  1.11266496
  0.52765482  1.35957655 -1.03235379]
Accuracy: 
0.07692307692307693
Trained Parameters: 
[-5.98592998e-01  1.13759567e+00 -1.73084624e+00 -8.45982930e-01
 -1.13362010e+00 -4.97854629e-01 -1.17443960e+00  2.16194577e-01
 -1.98457243e-01  6.77000671e-04  7.64239617e-01 -1.43550527e+00
  9.56603565e-02 -1.73877128e-01  9.43536037e-01  6.53716403e-02
 -1.91270484e+00  7.16442027e-01  9.64911417e-01 -1.24406755e+00
  3.57290667e-01 -1.40219829e+00  4.25028927e-01  1.02204846e+00
  5.78172269e-01 -4.28626197e-01  1.20975043e+00 -1.37879454e-01
 -1.79703844e-01 -1.49215839e+00 -3.40722227e-01  2.07419500e+00
 -2.70176367e-01 -1.98459949e-01 -1.22050051e+00 -1.55278724e+00
  2.66161723e+00 -1.42858461e+00 -7.20243923e-01  1.93704600e+00
 -1.99779693e-01  1.74982591e+00  2.12597626e-01  1.50458438e+00
  1.20560441e+00  4.97352418e-01  5.99932425e-01 -5.35829974e-01
 -1.93307369e+00 -9.81132331e-02 -2.62337553e+00]
Accuracy: 
0.0

Entanglement measure Mean: (0.7827493317670701+0j)
Entanglement measure Standard Deviation: 1.1102230246251565e-16
Trained Parameters: 
[-0.5332118   0.37725209 -0.80103102  1.04850889  0.25260342  1.65137866
  0.03781988  0.26114378  1.45817397  0.2927387  -0.4347366  -2.44918082
 -0.22850244  1.2460004   0.4032556   1.3551078  -0.31298068  0.23275562
 -0.78695913  0.89960142  1.55801285 -0.73702208 -0.71583952  0.1700755
 -1.3728561   1.13329385 -0.20236875 -1.07581806  1.66802994 -0.06551795
 -0.37299935  1.03937355 -0.74744006  0.53928333 -0.32964985 -0.19155693
 -1.31102476  1.65022857  0.67245681  0.73006331 -0.81833554 -0.1500212
 -0.54664304 -0.29648786 -1.02437816 -0.80198891 -0.57492586  1.16823754
 -1.93893251 -0.06706339 -0.17829569]
Accuracy: 
0.23076923076923078
Trained Parameters: 
[ 0.75025238  1.89365411  0.68133498 -0.80630232  0.6087199   1.15745127
 -0.57576315 -1.28721559 -0.3115804  -0.25780329  0.21139725 -0.26243028
  0.54351507  0.22585809 -1.33063186  2.14101401 -1.23445942 -0.33258174
 -0.36279122  2.7203532  -1.20720352  1.76037221  0.04197057 -1.12179129
  0.61617427  0.69076714  0.0953088  -1.09061108 -0.21666442 -0.84207917
 -0.03295212 -0.87250067  0.95203186 -1.77620686  0.65188901  0.82589141
  0.59783151  0.68575163 -0.93487357 -1.02765316  0.47394394  0.59956259
  1.49256384  0.69562112  1.12467533  1.0089182  -0.68627027 -1.13488952
 -1.22399721 -0.51138871  1.50645189]
Accuracy: 
0.23076923076923078
Trained Parameters: 
[ 5.76971583e-01  1.01810014e+00 -1.43127566e-01  5.76335201e-01
  2.78112074e-01  1.34356527e+00  1.11903792e+00  7.83795903e-01
  6.82656363e-03 -5.81999673e-01  2.87625031e-01  1.10200419e-03
  2.70796710e-01  2.49836977e-01 -1.49808026e+00 -1.92582267e-01
 -1.18362824e+00  5.43223348e-01  1.61765836e+00 -5.63499640e-01
  1.41233963e+00  1.26069699e+00 -1.44819372e+00 -5.18923142e-02
  6.65116523e-02  1.69909247e+00  1.44457745e+00 -2.00534906e+00
 -6.21251133e-01  9.87424992e-01  1.04459571e+00 -7.95364636e-01
 -1.29255691e+00  8.30445196e-02  2.04205731e+00 -5.72217258e-01
  1.54158783e-01  6.77784689e-01  2.42231577e+00 -1.35453346e+00
 -2.15294047e-01 -2.01617954e+00 -3.20242014e-01  2.72353495e-01
  7.68922740e-01  2.67376080e-01 -2.67198187e-01  1.80319916e-02
 -3.42558787e-01 -4.44090677e-01 -1.54714528e+00]
Accuracy: 
0.9230769230769231
Trained Parameters: 
[ 0.75861663 -0.17412653  0.29959648 -0.36912981  1.43221902 -0.05405323
 -1.19992957  1.10214801  1.15220978 -0.38195866  1.91624192  0.44828879
 -0.58544238  0.7144805  -0.92918201  0.27360019  0.40337058  0.19094121
 -0.6580328  -0.14121014 -1.56249755  0.61694719 -0.64184547  0.0520989
 -0.66410631  0.31651402  0.1276915  -0.73492835 -1.36732732  1.56850974
 -0.42882828  1.11658344  0.15522796 -0.62725815 -0.96017938 -1.10138857
  0.30320911  0.69973331 -0.08615201 -0.80478957 -0.18345948 -0.84366015
  1.02242616  0.47982423 -0.60538252  0.90504614 -0.81986429  0.37160448
 -0.48883474  1.10770602  0.94209843]
Accuracy: 
0.9230769230769231
Trained Parameters: 
[-0.230865    0.38020959 -0.62870043 -0.30738629  0.86610174  0.35716181
  0.31545489 -1.63440874  1.36892129  0.68530165 -1.66020196  0.93274729
  1.05961701 -1.1475152  -0.51327834  1.22550527 -0.07744398  0.45666213
 -0.2017311  -1.07541234 -2.49189437 -1.30952434 -0.39402568  1.36745633
  2.00451948 -1.47442015 -0.74565713  1.07567645 -1.65525994  0.89833343
 -2.08616664  2.57109131  0.1220086   0.83953946  1.72165412  0.49576682
  0.23291968 -0.73133399  0.35153684  1.09212014  1.05863356 -0.62221317
  0.75439392  2.12784398 -0.45190658  1.24554601  1.28496952  0.01587247
 -1.99901086  1.24054113 -1.21986658]
Accuracy: 
0.15384615384615385

Entanglement measure Mean: (0.7827493317670701+0j)
Entanglement measure Standard Deviation: 1.1102230246251565e-16
Trained Parameters: 
[ 0.20133411  0.12802177  0.17276384 -1.1829551  -1.13421293 -0.10275616
  0.20919574  0.24814226  1.34873916  0.27497185  0.85271344 -0.38606612
  1.02836111  0.85206313  0.96947498  0.53915665  0.36948432 -0.67680287
  0.42402124 -0.25977111 -0.00898529  0.77662639  0.05831181  0.72823271
 -1.85302089 -1.0242246  -0.66632979  1.39382237  0.87097601  0.56731404
 -0.18416258  0.64067418  0.58816798 -1.52967058 -0.61509582 -0.01047784
  0.59567872  0.90856491 -0.07867763  0.23319017 -0.32191283  0.5400726
 -1.75415863  0.6015912  -1.69534121  0.70689727 -0.06417932  1.01002553
  0.58524907 -0.38329884 -1.00184127]
Accuracy: 
0.8461538461538461
Trained Parameters: 
[ 0.25127999 -0.96589602  0.06558629  1.09047403 -0.65339578 -1.10861831
  0.01371032 -1.21055854 -0.86444654  0.478973    0.28888639  1.96891198
 -0.48287111 -1.3514923  -0.07275443  1.21797546  0.76070611  0.0947732
  0.8046325   1.75832776 -0.6072035   0.13182808  1.56051216  0.44840562
  0.45616518  0.0837501  -0.85423344  0.21078172 -0.02720281 -0.0693779
 -1.71806607 -0.8351554  -0.21309295 -0.5560743  -0.63017702  0.89349464
 -1.30860173 -0.21079886 -0.06542876 -0.85810375  0.51246198 -0.45785664
 -0.59895935 -1.61007161  1.35727255 -0.30668381  0.05204102  1.01597411
  1.50264805 -0.13275267  1.15662232]
Accuracy: 
0.15384615384615385
Trained Parameters: 
[-0.9679575   0.23351794 -0.91337641 -1.90290818 -0.84842942 -0.06439465
 -0.90920989  0.99609124 -1.43073524  2.61585557  0.34660646 -0.35216039
 -0.6285316  -0.30919028 -0.62903091  1.09222812 -0.01371228  1.65331512
 -1.18661909 -0.5743561  -0.76423612  0.15998804 -1.54647909  0.62936754
  1.01780399  1.64618353 -0.41058942  1.96021526 -1.34230824 -0.08991383
 -0.66870812  0.40608239  0.20963854  2.19983341  2.12499669 -0.44577525
  0.80937147 -1.35897988 -0.53687406 -1.11792043 -1.4669354  -1.15672293
  0.25766033 -1.5250231  -1.15869957  0.73634682 -0.37635618 -0.67918855
  0.429199    0.37150791 -1.30533978]
Accuracy: 
0.07692307692307693
Trained Parameters: 
[ 1.56902793 -0.31161158  1.7174721   0.7634209  -1.07570541  1.41461183
  0.88529889  1.25351217  1.16897249  1.07676853 -1.28513901 -0.10188177
  0.59352195 -1.400148    0.95291755 -1.11357907  0.53995489  0.16857561
 -0.59052177  2.45997878  1.09019895  0.92365228 -0.15653562  0.72533873
  0.51559349  1.17479139 -1.45655826 -1.54646213  1.20540558  0.07609034
 -1.19748959  0.82758755 -1.82874381  0.45991762 -0.34575011 -0.76710658
  0.22212863  0.27103758 -0.028641   -0.8093905  -0.57919538 -0.86126572
  0.01554073 -2.49834392 -0.98649277  1.05143066  1.01222477 -1.03512
  0.22867062 -0.33416056  2.10371232]
Accuracy: 
0.07692307692307693
Trained Parameters: 
[ 0.27669825  1.33814824  0.93481465  1.53864784  1.34554442  0.90583971
  0.55810145  0.68233953  0.45323051  1.42134502 -1.22320875 -0.27605569
 -0.56390809 -0.10853672 -0.70482509  0.3518805   1.26748121 -2.11773659
  1.82036431  0.1987819   0.38340514  1.22313845  0.78096751 -0.40788678
  1.7932847   1.42143948  0.43601046  0.47912584  0.68263706 -0.42158597
 -0.75292804 -0.57134101 -0.26423064  0.40078126 -0.03306007  1.24264842
 -0.55376536  0.08508651 -1.50906615 -0.6709421  -0.12138014 -0.40422724
  0.13853434  0.28932701  1.43455505 -1.39117215  0.09475789 -0.6203463
  0.26855645 -1.79827943  0.86746752]
Accuracy: 
0.9230769230769231

Entanglement measure Mean: (0.7827493317670701+0j)
Entanglement measure Standard Deviation: 1.1102230246251565e-16

Entanglement measure Mean: (0.7827493317670701+0j)
Entanglement measure Standard Deviation: 1.1102230246251565e-16
Trained Parameters: 
[ 0.86493301  0.11562592 -1.2711824   0.20265052 -1.11996077  0.74859842
 -1.49376895  1.71487612  1.08880507  0.90453432 -0.55270071  0.82025614
  0.46368278  0.10550994 -2.15358613  1.41031705  2.0567325  -0.64211612
 -2.19800649  0.87474899  0.97178869  0.2609858   1.06182055  1.87341527
  2.83886879 -2.00432662  1.32126691  0.03525615  0.23248114  0.21738891
 -1.11347732  0.66525343 -1.06030525 -1.51230774 -0.1948817   3.79875421
  2.19945884  2.60316639  1.67701143  1.41222876  1.00129009 -0.4691092
  0.56629336 -0.84006637 -0.80134941 -1.61342916  0.11663264  0.97007519
 -3.07703628  0.30486644 -0.47858119]
Accuracy: 
0.15384615384615385
Trained Parameters: 
[ 0.65044413 -1.42759196  0.45762351  0.03029452  1.50638323 -1.87721808
  1.14938476  1.29589778 -1.0491112   1.18420904 -0.7184494  -0.5132305
 -0.3796     -0.24732156  0.22751585  0.66365242 -0.21004213 -0.1144335
  1.20946523 -0.30859144  1.0155838   1.47083502 -1.1279214  -0.4244431
  0.28149935  0.27722413  0.9684162  -1.78237549 -1.40215886  0.23551923
 -1.62111128 -0.27194595 -0.89524295  0.02078106  0.08467117 -0.86197208
 -0.45642711 -0.80386503  1.03393952 -0.28606161  0.06133117 -0.7081077
 -0.20135157 -0.09109552  0.50710264  0.35618265  0.12899784  0.14412695
  1.1946345   0.99774722  0.24366438]
Accuracy: 
0.07692307692307693
Trained Parameters: 
[-0.39200022  1.6453362  -0.62286999 -0.15582486  0.87632611 -0.40986007
  1.2067361   0.94538651  0.47692077 -0.87751433 -1.4508078  -0.47358743
  0.58286401 -0.13081482 -0.24699259 -0.1768091  -0.95607864 -0.23970936
 -0.41963805  0.94413994  0.13594791 -0.89992324 -0.09986818 -0.67306631
  1.13125269  1.11560494  0.25555908 -0.9116895   0.96709312  0.28206301
 -1.90232338 -0.51114927  0.47146662  0.49890088  0.27968234 -0.84878262
  1.81761675  0.90549599  0.31508961 -1.29231445 -0.69725861 -1.73128009
 -1.96202194 -0.04095968 -0.15127725  3.60735363 -0.43256724  0.71172017
  1.17565131  1.05117224  1.87660685]
Accuracy: 
0.0
Trained Parameters: 
[-0.02911464 -0.1844988  -0.79523054  1.75597627  0.15535614  1.2486828
  0.333733    1.1813559  -1.76064962 -1.01622765 -0.11940889 -0.59109636
 -0.21136131  1.75903044  1.30203143  0.22029493 -0.79667099  1.03817477
  2.70904843 -0.24474979 -1.10443776  0.37383926  0.61642439  2.05917119
 -2.34814382  0.10799321 -1.53526214 -1.11550548  0.5652106   1.1190484
  2.30343934  0.35840867 -1.02324995  0.57569634  1.62247042 -0.34360193
 -1.1709377  -0.29185003  1.2832657   1.16841905 -1.14842    -0.19790322
 -0.44524873  0.53732974 -1.22273879  0.86713368  0.03725732  1.80308606
 -0.03663972 -1.84315785  2.34409865]
Accuracy: 
0.15384615384615385
Trained Parameters: 
[ 1.82802594e-01  8.78516195e-02 -4.46070922e-01 -2.12918514e-01
 -1.62646782e-01 -1.00970205e+00  1.89987899e+00  1.16474083e+00
  1.01156839e+00 -3.78424797e-01 -7.71300390e-01  2.71626148e+00
 -5.29860539e-01  6.07563295e-01  3.61470610e-01  4.80251217e-01
 -8.56950952e-02 -2.04693844e-03 -6.37128686e-01 -6.15134790e-01
 -2.92201220e-01  9.13475794e-01  1.19937818e-01 -1.24262077e+00
 -1.51523534e+00  1.66446712e+00 -9.81059336e-02  1.47809823e+00
  1.58401081e+00  1.90584962e-01  2.50474021e+00  2.99283954e-02
 -1.00960455e+00 -1.29219410e-01  1.32815788e+00 -1.77891357e+00
  1.39167068e+00 -5.23991738e-01  1.65049250e+00 -1.54992571e+00
 -8.42421181e-01  1.13656663e+00 -5.35882787e-01 -1.77975377e+00
 -1.11883926e+00  3.54539329e-02 -4.48602057e-01  8.35195412e-02
  3.76267982e-01 -8.08663932e-01  8.56849855e-01]
Accuracy: 
0.7692307692307693

Entanglement measure Mean: (0.7827493317670701+0j)
Entanglement measure Standard Deviation: 1.1102230246251565e-16

Entanglement measure Mean: (0.7827493317670701+0j)
Entanglement measure Standard Deviation: 1.1102230246251565e-16
Trained Parameters: 
[-0.09349369 -0.86092233 -2.01335817 -0.27734925 -2.31123655  1.19674303
 -1.66310555  0.77153584 -1.73155772 -0.55016053  0.92649899 -0.43667511
  0.16620619 -1.52707387  0.27092345 -1.18292872  0.16309876  1.70868421
 -1.04215125  0.0081422  -1.07618485 -1.36986753 -2.10729833 -0.25504098
 -0.50311719 -1.99192726 -0.09317799  0.64045954 -0.37429901  2.18159898
 -0.91420741 -1.10867169  1.25453507 -0.73908748 -0.82518063  0.10987675
 -0.39422949  0.80325003  0.50903176  0.72298649 -0.23443755 -0.48833568
  1.63812867  1.24468708  0.99955161  0.51410347  1.63272814  1.24640474
 -1.31600811 -1.52224791  1.99168075]
Accuracy: 
0.0
Trained Parameters: 
[ 0.99902346  0.78876075  0.31324229  0.07495196  0.20301264 -0.37771037
  0.26416064  0.19409667  0.81575144 -0.72618793 -0.82366048 -0.44093541
  1.96888934 -0.16655194  0.53372633 -2.44091701 -0.38346513  1.04569751
 -0.59363615  0.45304724 -0.36518388 -0.07631556 -1.34470768 -1.54815092
 -1.617965   -0.16957164 -0.31974977 -1.65119578  0.6605992  -0.60057722
 -1.18816893  1.41363277  0.78263051  1.69643518 -0.14590789  0.60022843
 -0.23876049  0.45789804 -1.2025354   1.10702502  0.20662792 -1.14286635
  0.06889271 -0.40266623  0.93024289 -1.33151673 -1.7677399  -0.66748327
  0.25471662 -0.66520873 -0.88268069]
Accuracy: 
0.8461538461538461
Trained Parameters: 
[-7.07940624e-01 -9.14236267e-01  2.94394142e-03 -3.48789479e-01
  1.55254327e+00 -1.19263299e-01 -8.32544387e-01 -5.73831603e-01
 -1.65601206e-01  1.96725954e+00 -5.95189819e-01 -3.83691047e-01
  1.03988446e+00 -9.14643426e-01  3.82184571e-01  1.79101717e+00
 -1.16465212e+00 -3.53157551e-01 -9.62397837e-01  6.25015993e-02
 -1.72339811e+00 -1.03714180e+00  1.93553608e-01  5.57553715e-02
  1.36388096e-03 -3.06900612e-01  1.39784004e+00  1.00310389e+00
  8.25697778e-01 -1.35700636e-01  1.37215271e+00  4.60289496e-01
 -6.17605114e-02 -5.65120273e-01  9.57587301e-01  1.82018682e-01
  3.75046435e-01  6.22898893e-01  5.67606085e-01 -1.09394716e+00
  8.20082043e-01 -1.58597632e+00 -3.56652908e-01 -2.91450392e-01
  1.36335469e-01  2.54037218e+00  6.37450078e-01 -8.63032517e-01
  6.19395771e-01  6.52257865e-01 -1.13585699e+00]
Accuracy: 
1.0
Trained Parameters: 
[-0.2572062   0.14643876  0.72430583  0.97991727 -0.37293121 -0.97580326
  0.32704896  0.30984472  0.54156737 -0.04428571 -0.86934147  0.03887018
 -1.40307465  2.09396354  0.80484975 -1.42008203  0.18798502  0.03782261
 -1.03054509 -0.17312948 -0.30717549 -0.09195836 -1.03525251 -0.3334213
 -1.04984546  0.74738968 -0.9758926   1.36853761  0.46520925  1.63579387
  0.9479445  -0.27959279 -0.49664242 -0.55564528 -0.11349778 -0.52700712
 -0.38785332  0.07401966  0.69920129 -0.91680536  0.59629362 -0.09205221
 -0.4881964  -0.30978519  0.11494635 -0.27089176  0.06409291  0.82309465
 -1.16415179 -1.11399165  2.68846302]
Accuracy: 
1.0
Trained Parameters: 
[-0.91058201 -0.70975446 -1.07977843  0.05190855 -0.29682243 -0.76230267
  0.04266172 -0.98410805  0.64148724  0.94982948  0.05618606  0.38038495
  0.0194297  -0.94938666  0.08400209 -0.69290129 -2.11087292 -0.87578457
  1.585278    1.34867442  2.35670845  0.33542582  0.27137955  1.4307054
 -0.37847325  0.34418739  0.51116035 -0.77478747 -0.00498417 -1.42043182
  1.09137082 -0.40483379  2.97111579 -1.1617698   0.00670955  0.04924971
  1.1269691  -1.14747167  0.05498801 -0.13098598  0.20770631  2.02762686
 -3.01825939  1.66483     2.12437862 -0.80931398  1.38994525  1.95622268
 -0.02758095  0.5064086  -0.59547896]
Accuracy: 
0.9230769230769231
